[1,35 1,49 2,56 3,23 3,83 4,22 4,31 4,89 4,93 5,18 5,20 5,46 5,52 5,79 6,12 6,17 6,59 6,66 7,47 8,0 8,16 8,60 8,91 9,4 9,27 9,42 9,80 10,19 10,25 10,85 10,92 10,94 10,98 11,43 11,76 12,2 12,65 13,5 13,32 13,33 13,38 13,50 13,61 13,64 13,87 13,88 14,1 14,14 14,21 14,36 14,53 14,57 14,73 14,74 15,7 15,34 15,69 15,71 15,81 15,90 15,95 15,99 16,28 16,39 16,48 16,63 16,77 16,82 16,96 16,97 17,8 17,10 17,11 17,24 17,30 17,62 17,68 17,75 18,9 18,29 18,41 18,44 18,45 18,55 18,72 19,6 19,40 19,54 19,67 19,70 19,84 19,86 20,15 20,26 20,37 501,3 501,13 501,51 501,58 501,78]
[1,34 1,37 1,39 1,54 1,56 2,29 2,72 2,90 2,94 3,3 3,6 3,16 3,41 3,63 4,19 4,47 4,48 5,57 5,60 5,82 5,99 6,28 6,35 6,36 6,67 6,68 6,85 7,1 7,2 7,8 7,26 7,45 7,51 8,0 8,12 8,21 8,75 8,96 9,25 9,59 9,73 9,92 10,7 10,15 10,30 10,43 10,87 11,52 11,62 11,88 12,13 12,14 12,53 12,86 13,40 13,44 13,65 13,66 13,69 13,89 13,91 14,5 14,20 14,23 14,46 14,78 14,95 15,55 15,70 15,79 15,81 16,11 16,27 16,32 16,71 17,10 17,49 17,50 17,97 18,80 18,83 19,9 19,18 19,61 19,76 19,93 20,24 20,31 20,33 20,38 20,58 20,74 20,77 501,4 501,17 501,22 501,42 501,64 501,84 501,98]
[1,9 1,27 1,36 1,55 1,61 2,3 2,62 2,84 2,88 3,2 3,57 3,73 3,75 3,77 4,4 4,17 4,46 5,7 5,31 5,39 5,53 6,40 6,68 6,99 7,30 7,47 7,49 7,50 7,51 7,71 8,13 8,15 8,18 8,43 8,58 8,63 8,72 8,94 8,95 8,96 9,81 9,86 10,1 10,25 10,26 10,29 10,59 10,76 11,24 11,33 11,52 11,90 12,11 12,14 12,35 12,42 12,44 12,48 12,56 13,32 13,66 13,80 14,54 14,60 14,87 15,0 15,16 15,78 16,20 16,34 16,70 16,92 16,93 17,10 17,19 17,23 18,5 18,8 18,37 18,38 18,82 18,97 19,45 19,85 19,89 19,91 20,6 20,22 20,41 20,64 20,65 20,74 20,79 20,83 501,12 501,21 501,28 501,67 501,69 501,98]
[1,19 1,33 1,40 1,50 2,42 2,57 3,30 3,39 4,0 4,13 4,34 4,83 4,94 5,36 5,53 5,58 5,93 6,1 6,29 6,66 6,87 7,56 7,63 7,97 8,20 8,47 8,49 8,80 8,81 9,15 9,23 9,45 9,59 9,78 9,82 10,2 10,9 10,89 11,11 11,16 11,22 11,41 11,46 11,55 11,61 11,72 11,91 12,12 12,18 12,37 12,44 12,67 12,85 12,86 12,90 13,5 13,7 13,62 14,4 14,38 14,70 14,74 14,79 14,84 15,21 15,69 15,88 15,98 16,24 16,26 16,43 16,48 16,51 16,60 16,68 16,71 16,77 16,99 17,6 17,31 17,64 17,75 17,95 17,96 18,3 18,10 18,17 18,54 20,8 20,25 20,27 20,32 20,65 20,73 501,14 501,28 501,35 501,52 501,76 501,92]
[1,19 1,28 1,31 1,35 1,46 1,58 1,66 1,67 1,75 1,97 2,9 2,49 2,51 2,65 3,6 3,17 3,24 3,53 3,57 3,70 4,22 4,56 4,64 4,72 4,82 4,94 5,5 5,7 5,10 5,16 5,21 5,78 5,92 5,98 6,3 6,14 6,30 6,47 6,69 7,50 7,76 7,84 8,48 8,81 8,85 9,2 9,8 9,12 9,27 9,54 9,86 10,71 10,89 10,93 11,23 11,25 11,38 11,62 11,87 12,18 12,33 12,42 12,80 13,52 13,61 13,63 13,83 14,15 14,20 14,74 15,37 15,40 15,43 16,13 16,95 17,0 17,1 17,34 17,88 17,99 18,26 18,60 18,68 18,73 19,4 19,11 19,44 19,55 19,77 20,32 20,39 20,59 20,79 20,91 20,96 501,29 501,36 501,41 501,45 501,90]
[1,13 2,17 2,25 2,67 2,74 2,83 3,8 3,23 3,28 3,46 3,51 3,57 3,90 4,15 4,61 5,22 5,71 5,97 6,26 6,41 6,54 6,59 6,65 6,92 6,98 7,32 7,49 7,50 8,24 8,29 8,36 8,42 8,53 8,56 8,79 8,88 9,1 9,9 9,19 9,43 9,77 9,78 10,34 10,55 10,87 10,93 10,99 11,58 11,72 11,81 11,95 12,2 12,5 12,11 12,44 12,68 12,80 13,7 13,47 13,96 14,6 14,16 14,18 14,20 14,37 14,48 14,63 14,73 15,62 15,64 15,66 15,91 16,3 16,4 16,12 16,14 16,27 16,35 16,39 16,40 16,60 16,86 17,10 17,21 17,30 17,33 17,75 18,31 18,76 18,94 19,45 19,52 19,70 19,89 20,38 20,82 20,84 20,85 501,0 501,69]
[1,38 1,47 1,74 1,96 2,44 2,50 2,56 2,79 3,11 3,61 4,5 4,12 4,29 4,30 5,14 5,16 5,18 5,31 5,36 5,58 5,78 5,90 5,94 6,1 6,4 6,20 6,25 6,60 6,85 7,48 7,51 7,59 7,93 8,43 8,49 8,52 8,83 8,88 9,27 9,72 9,73 9,91 10,8 10,13 10,23 10,42 11,19 11,57 11,67 11,71 11,97 12,17 12,21 12,64 12,76 13,0 13,15 13,35 13,80 13,87 13,92 13,95 14,32 14,55 14,63 14,65 14,70 14,82 15,9 15,22 15,62 16,28 16,99 17,3 17,26 17,69 17,84 17,89 18,37 18,46 18,53 18,68 19,2 19,6 19,33 19,34 19,39 19,41 19,77 20,7 20,10 20,98 501,24 501,40 501,45 501,54 501,66 501,75 501,81 501,86]
[1,5 1,12 2,32 2,34 2,39 2,40 2,46 2,95 3,17 3,79 3,89 3,98 4,6 4,10 4,50 4,58 4,59 4,76 5,28 5,64 5,66 6,4 6,49 6,52 6,85 7,15 7,47 7,54 7,86 7,97 8,7 9,42 9,43 9,48 9,63 9,78 10,1 10,11 10,21 10,68 10,71 10,74 10,88 10,99 11,3 11,51 11,56 11,75 11,83 11,90 12,22 12,33 12,36 13,16 13,18 14,20 14,23 14,55 14,77 15,8 15,24 15,25 15,31 15,35 15,45 15,65 15,67 15,87 15,92 15,96 16,2 16,13 16,41 16,69 16,81 17,9 17,26 17,27 17,37 17,57 17,60 17,70 17,94 18,14 18,53 18,62 18,72 19,30 19,44 19,91 20,19 20,29 20,61 20,73 20,82 501,0 501,38 501,80 501,84 501,93]
[1,8 1,12 1,13 1,18 1,23 1,79 2,9 2,25 2,41 2,66 3,3 3,46 3,53 3,61 3,91 4,65 5,51 5,54 5,80 5,85 6,29 6,40 7,37 7,43 7,47 7,73 8,14 8,62 8,83 9,31 9,35 9,50 9,96 9,97 10,27 10,92 11,4 11,39 11,55 11,58 11,60 11,81 12,11 12,15 12,28 12,32 12,44 12,49 12,67 13,5 13,6 13,26 13,69 13,87 14,21 14,72 14,82 15,19 15,22 15,42 15,70 15,74 15,90 15,98 16,2 16,10 16,48 16,57 16,59 16,71 16,78 16,84 16,95 17,0 17,52 17,63 17,76 17,89 18,1 18,7 18,20 18,64 18,77 19,45 19,93 19,99 20,30 20,36 20,38 20,56 20,68 20,86 20,88 501,16 501,17 501,24 501,33 501,34 501,75 501,94]
[1,3 1,26 1,31 1,33 1,34 1,50 1,64 1,80 1,82 2,7 2,27 2,57 2,73 2,85 3,48 4,21 4,52 4,72 4,91 5,17 5,38 5,63 5,87 6,0 6,86 6,93 7,6 7,28 7,49 7,51 7,90 8,5 8,9 8,10 8,14 8,66 8,70 8,98 9,41 9,74 10,1 10,4 10,24 10,37 10,39 10,71 10,97 11,8 11,16 11,18 11,29 11,35 11,60 11,76 11,78 11,79 12,42 12,54 12,69 12,96 13,2 13,15 13,40 13,53 13,55 13,61 13,92 14,45 14,56 14,77 14,84 15,22 15,88 16,11 16,12 16,30 16,44 16,59 16,95 17,43 17,68 17,75 17,83 17,94 18,36 18,65 18,81 19,19 19,23 19,47 20,13 20,32 20,46 20,62 20,67 20,89 501,20 501,25 501,58 501,99]
[1,4 1,6 1,30 1,31 1,46 1,49 1,74 1,77 1,92 2,8 2,58 2,85 2,86 3,17 3,18 3,44 3,50 3,98 4,42 5,41 5,80 6,33 6,40 6,51 6,53 6,90 6,93 7,10 7,11 7,38 7,61 7,70 8,13 8,55 9,27 9,43 9,65 9,69 9,88 9,94 10,29 10,57 10,91 11,0 11,5 11,9 11,14 11,23 11,59 12,22 12,36 12,83 13,15 13,20 13,45 13,68 13,75 14,3 14,19 14,28 14,63 14,64 14,67 14,72 14,76 14,78 14,81 14,89 15,12 15,16 15,34 15,97 16,21 16,39 16,56 16,73 16,84 17,25 17,32 17,35 17,37 17,52 17,66 17,79 17,82 18,2 18,62 18,71 19,7 19,24 19,48 20,54 20,60 20,87 20,95 20,99 501,1 501,26 501,47 501,96]
[1,2 1,37 1,40 1,95 2,46 2,67 2,68 3,17 3,24 3,79 3,89 4,14 4,29 4,45 4,53 4,98 5,3 5,28 5,36 5,43 5,61 5,65 5,97 6,11 6,31 6,56 6,60 6,64 6,80 7,6 7,75 8,16 8,77 8,91 8,92 9,94 10,8 10,26 10,34 10,44 10,76 10,88 10,99 11,5 11,20 11,30 11,48 11,51 11,58 11,66 11,74 11,85 12,9 12,12 12,13 12,39 12,57 12,71 12,78 13,15 13,18 13,22 13,23 13,82 13,83 14,33 14,62 15,7 15,21 15,25 15,54 15,93 16,0 17,27 17,35 17,41 17,47 17,86 17,87 17,96 18,19 18,32 18,50 18,52 18,55 18,70 18,72 19,38 19,69 19,73 20,1 20,10 20,42 20,49 20,81 20,84 20,90 501,4 501,59 501,63]
[1,20 1,24 1,30 1,51 1,55 1,75 1,92 2,65 2,68 2,73 2,84 2,94 3,4 3,19 3,25 3,36 3,50 3,76 3,79 4,22 4,78 4,99 5,3 5,14 5,89 6,49 6,58 6,81 7,2 7,9 7,10 7,11 7,16 7,29 7,34 7,45 7,52 7,59 7,67 7,90 8,5 8,28 8,40 8,53 8,80 9,6 9,27 9,41 10,38 10,43 10,88 11,15 11,42 11,57 11,66 11,95 11,96 12,0 12,12 12,23 12,85 12,97 13,31 13,44 13,47 13,62 13,74 13,77 13,93 14,8 14,37 14,46 14,54 14,71 14,98 15,17 15,39 15,56 15,87 16,13 16,83 16,91 17,69 18,21 18,32 18,72 18,86 19,7 19,26 20,18 20,33 20,48 20,60 20,70 20,82 501,1 501,35 501,61 501,63 501,64]
[1,39 1,43 1,47 1,63 1,87 1,97 1,99 2,7 2,29 2,38 2,66 3,11 3,36 3,50 3,58 3,93 4,49 5,23 5,25 5,33 5,37 5,59 5,79 5,89 5,95 6,4 6,54 6,67 6,80 7,24 7,30 7,52 8,16 8,27 8,34 8,72 8,86 8,92 9,1 9,9 9,15 9,26 9,56 9,61 9,77 10,12 10,64 10,71 11,45 11,53 11,55 11,73 11,88 12,22 12,31 12,32 12,82 13,3 13,8 13,70 13,91 14,35 14,51 14,78 15,0 15,21 15,75 15,84 15,98 16,10 16,69 16,74 16,83 17,13 17,20 17,44 17,46 17,65 17,76 18,5 18,17 18,18 18,42 18,48 18,62 19,6 19,19 19,41 19,57 19,81 19,85 19,96 20,2 20,40 20,90 20,94 501,14 501,28 501,60 501,68]
[1,3 1,20 1,33 1,60 1,98 2,2 2,6 2,31 2,38 2,82 3,5 3,39 3,46 3,65 3,67 3,85 3,95 3,96 4,41 4,45 4,50 4,58 5,19 5,29 5,35 5,84 6,11 6,54 6,56 6,68 6,80 6,83 7,1 7,10 7,37 7,43 7,66 7,73 7,88 7,97 8,16 8,51 8,74 9,17 9,22 9,34 9,53 9,70 9,91 9,99 10,4 10,32 10,63 11,18 11,36 11,52 11,55 11,87 12,15 12,28 12,72 12,75 13,77 14,7 14,13 14,44 14,57 14,79 15,9 15,25 15,30 15,78 16,40 16,47 16,64 16,69 16,71 16,81 16,86 16,93 17,61 18,8 18,12 18,21 18,26 18,27 18,48 18,62 18,76 18,92 18,94 19,0 19,14 19,23 19,42 19,59 20,24 20,49 20,89 20,90]
[1,1 1,24 1,32 1,61 1,83 1,88 1,91 1,95 2,14 2,22 2,25 2,43 2,58 2,79 2,87 3,6 3,39 3,89 3,92 4,4 4,26 4,41 4,62 4,73 5,52 5,64 6,65 6,68 6,70 7,66 7,69 8,5 8,33 8,74 8,96 9,36 9,60 9,86 10,27 10,28 10,40 10,75 10,76 10,99 11,10 11,13 11,77 12,20 12,44 12,48 12,80 12,85 13,16 13,49 13,71 13,82 13,98 14,12 15,0 15,17 15,19 16,18 16,21 16,31 17,11 17,35 17,56 17,59 17,72 17,81 17,94 18,3 18,8 18,42 18,45 18,46 19,7 19,37 19,51 19,53 19,84 20,2 20,9 20,15 20,29 20,34 20,50 20,55 20,57 20,63 20,67 20,78 20,93 20,97 501,23 501,30 501,38 501,47 501,54 501,90]
[1,3 1,71 2,8 2,27 2,59 2,87 2,96 2,99 3,21 3,52 4,45 4,53 4,58 4,64 5,0 5,32 5,50 5,82 5,90 6,10 6,11 6,29 6,31 6,38 6,47 6,69 6,76 6,80 6,83 7,14 7,34 7,43 8,23 8,24 8,26 8,35 8,56 8,61 8,66 8,67 8,92 9,78 9,84 9,89 9,93 10,68 10,98 11,16 11,65 11,88 12,4 12,5 12,40 12,42 12,49 12,70 12,94 12,95 13,2 13,15 13,39 13,48 13,74 13,85 14,12 14,30 14,63 15,9 15,37 15,73 15,75 16,19 16,33 16,46 16,81 16,86 17,41 17,60 18,18 18,51 18,57 18,77 19,13 19,22 19,25 19,54 19,91 20,7 20,17 20,28 20,44 20,55 20,62 20,79 501,1 501,6 501,20 501,36 501,72 501,97]
[1,20 1,34 1,40 2,46 2,65 3,36 3,85 4,3 4,37 4,48 4,86 5,1 5,4 5,7 5,18 5,73 5,91 6,8 6,12 6,33 6,35 6,44 6,45 6,51 6,53 6,70 6,83 6,95 7,16 7,32 7,63 7,76 7,93 8,9 8,58 9,31 9,43 9,66 10,72 10,80 10,92 11,67 11,89 11,99 12,5 12,27 12,42 12,69 12,94 13,28 13,39 13,50 13,64 13,78 13,79 13,98 14,22 14,60 14,62 14,82 15,11 15,19 15,21 15,30 15,49 15,57 15,68 15,87 15,88 15,90 16,6 16,17 16,47 16,54 16,55 17,2 17,23 17,25 17,59 17,81 17,84 17,97 18,0 18,14 18,75 19,10 19,13 19,24 19,29 19,52 19,71 20,38 20,77 501,15 501,26 501,41 501,56 501,61 501,74 501,96]
[1,10 1,76 2,29 2,57 2,89 3,2 3,3 3,21 3,28 3,45 3,48 4,35 4,51 5,1 5,12 5,25 5,39 5,73 5,97 6,15 6,41 6,66 7,53 7,84 8,34 8,68 8,71 8,74 8,75 9,4 9,7 9,40 9,80 9,85 10,13 10,50 10,56 10,77 10,96 11,6 11,20 11,52 11,81 11,83 11,95 12,30 13,32 13,38 13,54 13,79 13,98 14,19 14,27 14,59 14,88 15,0 15,67 15,87 16,16 16,62 16,64 16,72 16,90 16,91 17,14 17,24 17,43 17,44 17,60 17,61 17,82 17,86 17,94 18,23 18,31 18,78 18,99 19,17 19,22 19,33 19,49 19,55 19,65 19,69 19,92 19,93 20,8 20,18 20,42 20,46 20,63 20,70 501,5 501,9 501,11 501,26 501,36 501,37 501,47 501,58]