[8,0 14,1 12,2 501,3 9,4 13,5 19,6 15,7 17,8 18,9 17,10 17,11 6,12 501,13 14,14 20,15 8,16 6,17 5,18 10,19 5,20 14,21 4,22 3,23 17,24 10,25 20,26 9,27 16,28 18,29 17,30 4,31 13,32 13,33 15,34 1,35 14,36 20,37 13,38 16,39 19,40 18,41 9,42 11,43 18,44 18,45 5,46 7,47 16,48 1,49 13,50 501,51 5,52 14,53 19,54 18,55 2,56 14,57 501,58 6,59 8,60 13,61 17,62 16,63 13,64 12,65 6,66 19,67 17,68 15,69 19,70 15,71 18,72 14,73 14,74 17,75 11,76 16,77 501,78 5,79 9,80 15,81 16,82 3,83 19,84 10,85 19,86 13,87 13,88 4,89 15,90 8,91 10,92 4,93 10,94 15,95 16,96 16,97 10,98 15,99]
[8,0 7,1 7,2 3,3 501,4 14,5 3,6 10,7 7,8 19,9 17,10 16,11 8,12 12,13 12,14 10,15 3,16 501,17 19,18 4,19 14,20 8,21 501,22 14,23 20,24 9,25 7,26 16,27 6,28 2,29 10,30 20,31 16,32 20,33 1,34 6,35 6,36 1,37 20,38 1,39 13,40 3,41 501,42 10,43 13,44 7,45 14,46 4,47 4,48 17,49 17,50 7,51 11,52 12,53 1,54 15,55 1,56 5,57 20,58 9,59 5,60 19,61 11,62 3,63 501,64 13,65 13,66 6,67 6,68 13,69 15,70 16,71 2,72 9,73 20,74 8,75 19,76 20,77 14,78 15,79 18,80 15,81 5,82 18,83 501,84 6,85 12,86 10,87 11,88 13,89 2,90 13,91 9,92 19,93 2,94 14,95 8,96 17,97 501,98 5,99]
[15,0 10,1 3,2 2,3 4,4 18,5 20,6 5,7 18,8 1,9 17,10 12,11 501,12 8,13 12,14 8,15 15,16 4,17 8,18 17,19 16,20 501,21 20,22 17,23 11,24 10,25 10,26 1,27 501,28 10,29 7,30 5,31 13,32 11,33 16,34 12,35 1,36 18,37 18,38 5,39 6,40 20,41 12,42 8,43 12,44 19,45 4,46 7,47 12,48 7,49 7,50 7,51 11,52 5,53 14,54 1,55 12,56 3,57 8,58 10,59 14,60 1,61 2,62 8,63 20,64 20,65 13,66 501,67 6,68 501,69 16,70 7,71 8,72 3,73 20,74 3,75 10,76 3,77 15,78 20,79 13,80 9,81 18,82 20,83 2,84 19,85 9,86 14,87 2,88 19,89 11,90 19,91 16,92 16,93 8,94 8,95 8,96 18,97 501,98 6,99]
[4,0 6,1 10,2 18,3 14,4 13,5 17,6 13,7 20,8 10,9 18,10 11,11 12,12 4,13 501,14 9,15 11,16 18,17 12,18 1,19 8,20 15,21 11,22 9,23 16,24 20,25 16,26 20,27 501,28 6,29 3,30 17,31 20,32 1,33 4,34 501,35 5,36 12,37 14,38 3,39 1,40 11,41 2,42 16,43 12,44 9,45 11,46 8,47 16,48 8,49 1,50 16,51 501,52 5,53 18,54 11,55 7,56 2,57 5,58 9,59 16,60 11,61 13,62 7,63 17,64 20,65 6,66 12,67 16,68 15,69 14,70 16,71 11,72 20,73 14,74 17,75 501,76 16,77 9,78 14,79 8,80 8,81 9,82 4,83 14,84 12,85 12,86 6,87 15,88 10,89 12,90 11,91 501,92 5,93 4,94 17,95 17,96 7,97 15,98 16,99]
[17,0 17,1 9,2 6,3 19,4 5,5 3,6 5,7 9,8 2,9 5,10 19,11 9,12 16,13 6,14 14,15 5,16 3,17 12,18 1,19 14,20 5,21 4,22 11,23 3,24 11,25 18,26 9,27 1,28 501,29 6,30 1,31 20,32 12,33 17,34 1,35 501,36 15,37 11,38 20,39 15,40 501,41 12,42 15,43 19,44 501,45 1,46 6,47 8,48 2,49 7,50 2,51 13,52 3,53 9,54 19,55 4,56 3,57 1,58 20,59 18,60 13,61 11,62 13,63 4,64 2,65 1,66 1,67 18,68 6,69 3,70 10,71 4,72 18,73 14,74 1,75 7,76 19,77 5,78 20,79 12,80 8,81 4,82 13,83 7,84 8,85 9,86 11,87 17,88 10,89 501,90 20,91 5,92 10,93 4,94 16,95 20,96 1,97 5,98 17,99]
[501,0 9,1 12,2 16,3 16,4 12,5 14,6 13,7 3,8 9,9 17,10 12,11 16,12 1,13 16,14 4,15 14,16 2,17 14,18 9,19 14,20 17,21 5,22 3,23 8,24 2,25 6,26 16,27 3,28 8,29 17,30 18,31 7,32 17,33 10,34 16,35 8,36 14,37 20,38 16,39 16,40 6,41 8,42 9,43 12,44 19,45 3,46 13,47 14,48 7,49 7,50 3,51 19,52 8,53 6,54 10,55 8,56 3,57 11,58 6,59 16,60 4,61 15,62 14,63 15,64 6,65 15,66 2,67 12,68 501,69 19,70 5,71 11,72 14,73 2,74 17,75 18,76 9,77 9,78 8,79 12,80 11,81 20,82 2,83 20,84 20,85 16,86 10,87 8,88 19,89 3,90 15,91 6,92 10,93 18,94 11,95 13,96 5,97 6,98 10,99]
[13,0 6,1 19,2 17,3 6,4 4,5 19,6 20,7 10,8 15,9 20,10 3,11 4,12 10,13 5,14 13,15 5,16 12,17 5,18 11,19 6,20 12,21 15,22 10,23 501,24 6,25 17,26 9,27 16,28 4,29 4,30 5,31 14,32 19,33 19,34 13,35 5,36 18,37 1,38 19,39 501,40 19,41 10,42 8,43 2,44 501,45 18,46 1,47 7,48 8,49 2,50 7,51 8,52 18,53 501,54 14,55 2,56 11,57 5,58 7,59 6,60 3,61 15,62 14,63 12,64 14,65 501,66 11,67 18,68 17,69 14,70 11,71 9,72 9,73 1,74 501,75 12,76 19,77 5,78 2,79 13,80 501,81 14,82 8,83 17,84 6,85 501,86 13,87 8,88 17,89 5,90 9,91 13,92 7,93 5,94 13,95 1,96 11,97 20,98 16,99]
[501,0 10,1 16,2 11,3 6,4 1,5 4,6 8,7 15,8 17,9 4,10 10,11 1,12 16,13 18,14 7,15 13,16 3,17 13,18 20,19 14,20 10,21 12,22 14,23 15,24 15,25 17,26 17,27 5,28 20,29 19,30 15,31 2,32 12,33 2,34 15,35 12,36 17,37 501,38 2,39 2,40 16,41 9,42 9,43 19,44 15,45 2,46 7,47 9,48 6,49 4,50 11,51 6,52 18,53 7,54 14,55 11,56 17,57 4,58 4,59 17,60 20,61 18,62 9,63 5,64 15,65 5,66 15,67 10,68 16,69 17,70 10,71 18,72 20,73 10,74 11,75 4,76 14,77 9,78 3,79 501,80 16,81 20,82 11,83 501,84 6,85 7,86 15,87 10,88 3,89 11,90 19,91 15,92 501,93 17,94 2,95 15,96 7,97 3,98 10,99]
[17,0 18,1 16,2 3,3 11,4 13,5 13,6 18,7 1,8 2,9 16,10 12,11 1,12 1,13 8,14 12,15 501,16 501,17 1,18 15,19 18,20 14,21 15,22 1,23 501,24 2,25 13,26 10,27 12,28 6,29 20,30 9,31 12,32 501,33 501,34 9,35 20,36 7,37 20,38 11,39 6,40 2,41 15,42 7,43 12,44 19,45 3,46 7,47 16,48 12,49 9,50 5,51 17,52 3,53 5,54 11,55 20,56 16,57 11,58 16,59 11,60 3,61 8,62 17,63 18,64 4,65 2,66 12,67 20,68 13,69 15,70 16,71 14,72 7,73 15,74 501,75 17,76 18,77 16,78 1,79 5,80 11,81 14,82 8,83 16,84 5,85 20,86 13,87 20,88 17,89 15,90 3,91 10,92 19,93 501,94 16,95 9,96 9,97 15,98 19,99]
[6,0 10,1 13,2 1,3 10,4 8,5 7,6 2,7 11,8 8,9 8,10 16,11 16,12 20,13 8,14 13,15 11,16 5,17 11,18 19,19 501,20 4,21 15,22 19,23 10,24 501,25 1,26 2,27 7,28 11,29 16,30 1,31 20,32 1,33 1,34 11,35 18,36 10,37 5,38 10,39 13,40 9,41 12,42 17,43 16,44 14,45 20,46 19,47 3,48 7,49 1,50 7,51 4,52 13,53 12,54 13,55 14,56 2,57 501,58 16,59 11,60 13,61 20,62 5,63 1,64 18,65 8,66 20,67 17,68 12,69 8,70 10,71 4,72 2,73 9,74 17,75 11,76 14,77 11,78 11,79 1,80 18,81 1,82 17,83 14,84 2,85 6,86 5,87 15,88 20,89 7,90 4,91 13,92 6,93 17,94 16,95 12,96 10,97 8,98 501,99]
[11,0 501,1 18,2 14,3 1,4 11,5 1,6 19,7 2,8 11,9 7,10 7,11 15,12 8,13 11,14 13,15 15,16 3,17 3,18 14,19 13,20 16,21 12,22 11,23 19,24 17,25 501,26 9,27 14,28 10,29 1,30 1,31 17,32 6,33 15,34 17,35 12,36 17,37 7,38 16,39 6,40 5,41 4,42 9,43 3,44 13,45 1,46 501,47 19,48 1,49 3,50 6,51 17,52 6,53 20,54 8,55 16,56 10,57 2,58 11,59 20,60 7,61 18,62 14,63 14,64 9,65 17,66 14,67 13,68 9,69 7,70 18,71 14,72 16,73 1,74 13,75 14,76 1,77 14,78 17,79 5,80 14,81 17,82 12,83 16,84 2,85 2,86 20,87 9,88 14,89 6,90 10,91 1,92 6,93 9,94 20,95 501,96 15,97 3,98 20,99]
[16,0 20,1 1,2 5,3 501,4 11,5 7,6 15,7 10,8 12,9 20,10 6,11 12,12 12,13 4,14 13,15 8,16 3,17 13,18 18,19 11,20 15,21 13,22 13,23 3,24 15,25 10,26 17,27 5,28 4,29 11,30 6,31 18,32 14,33 10,34 17,35 5,36 1,37 19,38 12,39 1,40 17,41 20,42 5,43 10,44 4,45 2,46 17,47 11,48 20,49 18,50 11,51 18,52 4,53 15,54 18,55 6,56 12,57 11,58 501,59 6,60 5,61 14,62 501,63 6,64 5,65 11,66 2,67 2,68 19,69 18,70 12,71 18,72 19,73 11,74 7,75 10,76 8,77 12,78 3,79 6,80 20,81 13,82 13,83 20,84 11,85 17,86 17,87 10,88 3,89 20,90 8,91 8,92 15,93 9,94 1,95 17,96 5,97 4,98 10,99]
[12,0 501,1 7,2 5,3 3,4 8,5 9,6 19,7 14,8 7,9 7,10 7,11 12,12 16,13 5,14 11,15 7,16 15,17 20,18 3,19 1,20 18,21 4,22 12,23 1,24 3,25 19,26 9,27 8,28 7,29 1,30 13,31 18,32 20,33 7,34 501,35 3,36 14,37 10,38 15,39 8,40 9,41 11,42 10,43 13,44 7,45 14,46 13,47 20,48 6,49 3,50 1,51 7,52 8,53 14,54 1,55 15,56 11,57 6,58 7,59 20,60 501,61 13,62 501,63 501,64 2,65 11,66 7,67 2,68 17,69 20,70 14,71 18,72 2,73 13,74 1,75 3,76 13,77 4,78 3,79 8,80 6,81 20,82 16,83 2,84 12,85 18,86 15,87 10,88 5,89 7,90 16,91 1,92 13,93 2,94 11,95 11,96 12,97 14,98 4,99]
[15,0 9,1 20,2 13,3 6,4 18,5 19,6 2,7 13,8 9,9 16,10 3,11 10,12 17,13 501,14 9,15 8,16 18,17 18,18 19,19 17,20 15,21 12,22 5,23 7,24 5,25 9,26 8,27 501,28 2,29 7,30 12,31 12,32 5,33 8,34 14,35 3,36 5,37 2,38 1,39 20,40 19,41 18,42 1,43 17,44 11,45 17,46 1,47 18,48 4,49 3,50 14,51 7,52 11,53 6,54 11,55 9,56 19,57 3,58 5,59 501,60 9,61 18,62 1,63 10,64 17,65 2,66 6,67 501,68 16,69 13,70 10,71 8,72 11,73 16,74 15,75 17,76 9,77 14,78 5,79 6,80 19,81 12,82 16,83 15,84 19,85 8,86 1,87 11,88 5,89 20,90 13,91 8,92 3,93 20,94 5,95 19,96 1,97 15,98 1,99]
[19,0 7,1 2,2 1,3 10,4 3,5 2,6 14,7 18,8 15,9 7,10 6,11 18,12 14,13 19,14 12,15 8,16 9,17 11,18 5,19 1,20 18,21 9,22 19,23 20,24 15,25 18,26 18,27 12,28 5,29 15,30 2,31 10,32 1,33 9,34 5,35 11,36 7,37 2,38 3,39 16,40 4,41 19,42 7,43 14,44 4,45 3,46 16,47 18,48 20,49 4,50 8,51 11,52 9,53 6,54 11,55 6,56 14,57 4,58 19,59 1,60 17,61 18,62 10,63 16,64 3,65 7,66 3,67 6,68 16,69 9,70 16,71 12,72 7,73 8,74 12,75 18,76 13,77 15,78 14,79 6,80 16,81 2,82 6,83 5,84 3,85 16,86 11,87 7,88 20,89 20,90 9,91 18,92 16,93 18,94 3,95 3,96 7,97 1,98 9,99]
[15,0 1,1 20,2 18,3 4,4 8,5 3,6 19,7 18,8 20,9 11,10 17,11 14,12 11,13 2,14 20,15 13,16 15,17 16,18 15,19 12,20 16,21 2,22 501,23 1,24 2,25 4,26 10,27 10,28 20,29 501,30 16,31 1,32 8,33 20,34 17,35 9,36 19,37 501,38 3,39 10,40 4,41 18,42 2,43 12,44 18,45 18,46 501,47 12,48 13,49 20,50 19,51 5,52 19,53 501,54 20,55 17,56 20,57 2,58 17,59 9,60 1,61 4,62 20,63 5,64 6,65 7,66 20,67 6,68 7,69 6,70 13,71 17,72 4,73 8,74 10,75 10,76 11,77 20,78 2,79 12,80 17,81 13,82 1,83 19,84 12,85 9,86 2,87 1,88 3,89 501,90 1,91 3,92 20,93 17,94 1,95 8,96 20,97 13,98 10,99]
[5,0 501,1 13,2 1,3 12,4 12,5 501,6 20,7 2,8 15,9 6,10 6,11 14,12 19,13 7,14 13,15 11,16 20,17 18,18 16,19 501,20 3,21 19,22 8,23 8,24 19,25 8,26 2,27 20,28 6,29 14,30 6,31 5,32 16,33 7,34 8,35 501,36 15,37 6,38 13,39 12,40 17,41 12,42 7,43 20,44 4,45 16,46 6,47 13,48 12,49 5,50 18,51 3,52 4,53 19,54 20,55 8,56 18,57 4,58 2,59 17,60 8,61 20,62 14,63 4,64 11,65 8,66 8,67 10,68 6,69 12,70 1,71 501,72 15,73 13,74 15,75 6,76 18,77 9,78 20,79 6,80 16,81 5,82 6,83 9,84 13,85 16,86 2,87 11,88 9,89 5,90 19,91 8,92 9,93 12,94 12,95 2,96 501,97 10,98 2,99]
[18,0 5,1 17,2 4,3 5,4 12,5 16,6 5,7 6,8 8,9 19,10 15,11 6,12 19,13 18,14 501,15 7,16 16,17 5,18 15,19 1,20 15,21 14,22 17,23 19,24 17,25 501,26 12,27 13,28 19,29 15,30 9,31 7,32 6,33 1,34 6,35 3,36 4,37 20,38 13,39 1,40 501,41 12,42 9,43 6,44 6,45 2,46 16,47 4,48 15,49 13,50 6,51 19,52 6,53 16,54 16,55 501,56 15,57 8,58 17,59 14,60 501,61 14,62 7,63 13,64 2,65 9,66 11,67 15,68 12,69 6,70 19,71 10,72 5,73 501,74 18,75 7,76 20,77 13,78 13,79 10,80 17,81 14,82 6,83 17,84 3,85 4,86 15,87 15,88 11,89 15,90 5,91 10,92 7,93 12,94 6,95 501,96 17,97 13,98 11,99]
[15,0 5,1 3,2 3,3 9,4 501,5 11,6 9,7 20,8 501,9 1,10 501,11 5,12 10,13 17,14 6,15 16,16 19,17 20,18 14,19 11,20 3,21 19,22 18,23 17,24 5,25 501,26 14,27 3,28 2,29 12,30 18,31 13,32 19,33 8,34 4,35 501,36 501,37 13,38 5,39 9,40 6,41 20,42 17,43 17,44 3,45 20,46 501,47 3,48 19,49 10,50 4,51 11,52 7,53 13,54 19,55 10,56 2,57 501,58 14,59 17,60 17,61 16,62 20,63 16,64 19,65 6,66 15,67 8,68 19,69 20,70 8,71 16,72 5,73 8,74 8,75 1,76 10,77 18,78 13,79 9,80 11,81 17,82 11,83 7,84 9,85 17,86 15,87 14,88 2,89 16,90 16,91 19,92 19,93 17,94 11,95 10,96 5,97 13,98 18,99]